/* True (barring coding errors) disk model coefficients when r = 7/20 */

1.001283517397212732911761319394109083955102398536675957131370106
0.4497817160702163219473979489233928909492602593689022560419344807
0.3725147276434643732441433167884693025602314744795579974847258206
-0.02549931642699784022366414282890515818809244814123793150931675767
0.5298632996905033162300449453074302231860926936344903251886631928
-0.06515963682589063701046881504499314668709051333141791350523040443
0.06352415011462416295833505963373673395849691117211035357540251734
0.09758250039077871090707535098472908693984190338468771041276195623
0.3851341900257072892426161023825290088778593903949298219510548771
-0.07260156821810488213304602838183637881285460677821607927698862357
-0.7267735734075303083541757846131248368901667477547873248173684417
-4.918606349077790347110596411361770780954656593086315493951766850
-35.77717766581784032225267143228868085923433341540322716749925226
-238.0547823256333228149010795436888179465642749088323852898394238
-1442.000010656264779265370126973442643791585022998344801817899471
-8023.072886811519732526582908123364402320656676071377334282685826
-41158.50431519282158001634886046069150641355400545275848521376249
-195196.8459645417564320637431504680522831997217869318844896763956
-857611.6153812732248758504808359129441307318766693138092680906543
-3496249.678877678026713262619020798008723939464263187939341791220
-13239852.24023507653787792334857082182060748834601916239996936524
-46600545.45284497139669006626227508403474143257240828599271513555
-152457860.4749994656811317373099085349734914384697384495280979795
-463352850.6927799404631867159704999339745552135498394671790652940
-1306442316.531961647083334160233074669286723749475711368303463825
-3409102240.428150877474418581151753500086170636929997117864305196
-8200551057.799784511914415431784704705013516706633649410813716428
-18067493561.69251827277734203792215329850126312403380739464004835
-36063400113.90524367627560651362327396844376792322784326694500453
-63922452155.90350897153272124290582486344188431830668488775142435
-96419180188.50243766758344949810231522283341086395325152512135913
-109738841141.3155382576654408544199400727654685016322200731344649
-42793039672.25439966329336646455923291139892906205702434699029452
225235977289.6293125405126801240682799679604743825756521534757217
890102107177.5415049314380227471029383713243606295103598126505089
2211165830889.570489306388700714430172726389361863131033397035139
4452564014690.967709966264368899130739304805232388138416190066717
7769690595140.480819158720203511320143006755711971418634206035489
12066141840619.54774616941146940201594995778477998922245733206785
16885584076351.59412189596062110789367838533440707579620812314360
21421599685989.18535482991925180421925095005901141494444553277735
24697457749796.99188961659450487000986688412295907353676704891587
25883692121510.87194272310687629940083437672782413499599066182973
24625082942494.60085061928271676412258396990216817063325566226594
21209034283802.15810046686891325128701829047540602192193980063414
16470651169930.04183192593259987199700777333807808138785729847802
11471285922905.92038028578944354787205679428072705759924863161543
7115598084040.715494041248011952185337559624205877372459331273206
3896380926025.270570985423983033731022908748889904578971815658243
1862219039187.131321622523517141308413741295112775408774472646897
765427074620.2985344606027799136358612807364320496422847418323115
265289436717.8024320787007149854142789226536262738974292547984907
75442721958.96710123685453092513048516827213371265998031043067675
16913154265.49988816025354082401407725343048642516399680127636569
2804532041.848165407552342777974485723199865721353566609267807464
305994890.4204107853807458718899814496145791489556228655252550907
16488755.30229806552900307579667975210076300442879164794855534101
